7817396781869
81942222016529
81942540026529
8
24
3d
15
1
501369779302428
81271018697862
4365
502018798343703
501215000679646
3
82043898071495
78378871235885
10
83062010614450
82675565284044
502770261810082
82909639544436
501327233299494
2
5
7
87063779690888
87122021510888
95
przelewy24
10001
20
500774147098240
86122264109541
503791095219858
504341401646536
85683917511579
100
09
501424550791729
501700963772707
501874721327181
ev913623026cn
502197822652127
502585094793474
68336879105331
75961453179894
78814269223756
80063124149465
81347430663479
80854951763479
81883333716997
81916568560629
82180502637169
82303656348074
82387500279188
82688441612014
76404769392252
4
0
83060109009431
300
18000
502260026635096
12
404
82652380150622
80205224394730
2016
22
82374896577729
2017
500927215419156
899
502115532648918
39
503383953507742
504056535956095
83460567375610
85426087518379
85578308399501
86326250899510
23
03
600
rb223420695sg
31
86958740033712
30
520000500
504138106962181
84934181217180
rb337331057
86476647830290
14
29
86025553296777
86709430229567
504001612539248
86680350713043
185
504058294479146
re431697199se
85409269854758
85707647813182
85260582397891fue
6526067729750
504174986643679
86306312109816
86399473910932
84683811428707
85094387733340
86828072504950
81539584831453
6
11
2017092944963616509543
rg870729420cn
2017090638441743889913
502949381821054
pedido86646227783663
2017092404902754047032
504144203112295
01
503719741237187
7609954236
525
504046038477403
504346709094652
s000017169738
503989929355972
movillg2
28
86774388432843
502184337574487
86940633933918
dd0f5bd3ff8643a695a1828a832b2ff9
36
87029359293252
65
502828580064061
86782548175672
s8
503474685313585
61
75
86898269771594
86664118329524
83895996182276
60
26
504011052853974
504306735854975
504369879402554
84228563626024
86507891027270
86537035546857
25
86882545462375
503847846228563
17
82501457225226
85252953346980
86074295803135
81471656830964
502026259171567
503286913479069
77792574413479
77748409603479
78130085535069
8122180404316
82897555298176
83620538469133
83974595929155
84012496220656
84012496210656
84081832625487
9
502088125172248
5usd
v7
504027839155897
13
85954619743930
es85193886143358
18
08
86310555215389
24h
nrb337331057sg
32
16
503506167017819
73438676248461
1000
504084177332439
de10
84702105773355
86924435583412
perlamr62
a3
w05
1140208707741
5anos
84726175144865
h96
86799612647732
re473949450se
503090734137397
85364112430765
502170211811789
13h
a64153522
86559152992439
85579690580659
81837743174551
82464908673904
503513008447303
5100102051
59
504375784787386
87037778480755
21
25cm
33cm
19
5000
2nd
50
05
02
mp4
83
d0
48
07
435
120
00
40
27
52
20517
800
69
3280
149
135
90
35
38
